R1£º
[0.9998214052252102, -0.007349638890063459, -0.01741092937415889;
 0.007328909659532096, 0.9999723567817911, -0.001254095479949295;
 0.01741966522895028, 0.001126268376577813, 0.999847631783391]
R2£º
[0.999681245955394, -0.01091470701168547, -0.02276566836094166;
 0.01094179793569404, 0.9999395687793133, 0.001065761406377331;
 0.0227526601303179, -0.001314519033694881, 0.9997402605160525]
P1£º
[540.0081549065912, 0, 354.2271194458008, 0;
 0, 540.0081549065912, 244.8043441772461, 0;
 0, 0, 1, 0]
P2£º
[540.0081549065912, 0, 348.5766372680664, -54154.70648569578;
 0, 540.0081549065912, 244.8043441772461, 0;
 0, 0, 1, 0]
Q£º
[1, 0, 0, -354.2271194458008;
 0, 1, 0, -244.8043441772461;
 0, 0, 0, 540.0081549065912;
 0, 0, 0.009971583080211633, -0.05634425247853347]
